n 	 k 	 t 	 prob 
25	 1	 9	 0.36
25	 2	 9	 0.393944
25	 3	 9	 0.407573
25	 4	 9	 0.414482
25	 5	 9	 0.41813
25	 6	 9	 0.41982
25	 7	 9	 0.420133
25	 8	 9	 0.41935
25	 9	 9	 0.417597
n 	 k 	 t 	 prob 
50	 1	 18	 0.36
50	 2	 18	 0.394195
50	 3	 18	 0.408243
50	 4	 18	 0.415745
50	 5	 18	 0.420183
50	 6	 18	 0.422891
50	 7	 18	 0.424499
50	 8	 18	 0.425344
50	 9	 18	 0.42562
50	 10	 18	 0.425446
50	 11	 18	 0.424898
50	 12	 18	 0.424022
50	 13	 18	 0.422844
50	 14	 18	 0.421379
50	 15	 18	 0.41963
50	 16	 18	 0.417588
50	 17	 18	 0.415239
50	 18	 18	 0.412558
n 	 k 	 t 	 prob 
100	 1	 36	 0.36
100	 2	 36	 0.394308
100	 3	 36	 0.408534
100	 4	 36	 0.416273
100	 5	 36	 0.421006
100	 6	 36	 0.424069
100	 7	 36	 0.426095
100	 8	 36	 0.427426
100	 9	 36	 0.428264
100	 10	 36	 0.428736
100	 11	 36	 0.428926
100	 12	 36	 0.428892
100	 13	 36	 0.428674
100	 14	 36	 0.428303
100	 15	 36	 0.4278
100	 16	 36	 0.427182
100	 17	 36	 0.426461
100	 18	 36	 0.425646
100	 19	 36	 0.424745
100	 20	 36	 0.423761
100	 21	 36	 0.4227
100	 22	 36	 0.421563
100	 23	 36	 0.420351
100	 24	 36	 0.419066
100	 25	 36	 0.417706
100	 26	 36	 0.41627
100	 27	 36	 0.414757
100	 28	 36	 0.413164
100	 29	 36	 0.411488
100	 30	 36	 0.409725
100	 31	 36	 0.40787
100	 32	 36	 0.405917
100	 33	 36	 0.403861
100	 34	 36	 0.401693
100	 35	 36	 0.399405
100	 36	 36	 0.396987
