n k comp ratio
1000 1 0.610037
1000 2 0.60662
1000 3 0.55454
1000 4 0.635189
1000 5 0.608792
1000 6 0.598511
1000 7 0.596943
1000 8 0.672785
1000 9 0.663662
1000 10 0.667795
1000 11 0.668709
1000 12 0.68801
1000 13 0.695962
1000 14 0.704125
1000 15 0.706679
1000 16 0.771747
1000 17 0.780326
1000 18 0.77661
1000 19 0.783214
1000 20 0.788047
1000 21 0.794414
1000 22 0.796704
1000 23 0.803651
1000 24 0.808456
1000 25 0.812176
1000 26 0.812043
1000 27 0.820828
1000 28 0.822974
1000 29 0.826738
1000 30 0.831268
1000 31 0.829645
1000 32 0.871835
1000 33 0.867547
1000 34 0.870135
1000 35 0.8746
1000 36 0.872212
1000 37 0.87086
1000 38 0.875251
1000 39 0.863722
1000 40 0.863457
1000 41 0.858179
1000 42 0.853571
1000 43 0.851455
1000 44 0.83985
1000 45 0.827137
1000 46 0.827783
1000 47 0.814129
1000 48 0.804179
1000 49 0.790168
1000 50 0.781656
1000 51 0.779142
1000 52 0.765004
1000 53 0.757901
1000 54 0.746929
1000 55 0.742819
1000 56 0.73317
1000 57 0.726114
1000 58 0.716802
1000 59 0.709445
1000 60 0.701627
1000 61 0.699743
1000 62 0.691694
1000 63 0.681726
1000 64 0.695574
1000 65 0.694213
1000 66 0.689454
1000 67 0.679762
1000 68 0.678593
1000 69 0.673297
1000 70 0.670677
1000 71 0.663902
1000 72 0.662828
1000 73 0.662341
1000 74 0.657477
1000 75 0.65145
1000 76 0.655702
1000 77 0.647762
1000 78 0.643885
1000 79 0.639937
1000 80 0.64325
1000 81 0.640188
1000 82 0.639657
1000 83 0.634416
1000 84 0.63317
1000 85 0.629355
1000 86 0.628005
1000 87 0.624746
1000 88 0.624397
1000 89 0.622966
1000 90 0.62229
1000 91 0.617014
1000 92 0.616513
1000 93 0.617347
1000 94 0.616527
1000 95 0.616954
1000 96 0.640926
1000 97 0.637015
1000 98 0.634083
1000 99 0.636439
1000 100 0.63591
1000 101 0.635449
1000 102 0.633094
1000 103 0.63317
1000 104 0.63357
1000 105 0.629508
1000 106 0.631433
1000 107 0.631119
1000 108 0.634302
1000 109 0.626492
1000 110 0.630132
1000 111 0.625868
1000 112 0.628596
1000 113 0.630222
1000 114 0.631761
1000 115 0.630738
1000 116 0.630686
1000 117 0.628283
1000 118 0.629839
1000 119 0.630086
1000 120 0.635576
1000 121 0.625047
1000 122 0.626478
1000 123 0.634185
1000 124 0.629263
1000 125 0.625689
1000 126 0.627709
1000 127 0.628616
1000 128 0.671106
1000 129 0.671191
1000 130 0.675806
1000 131 0.674634
1000 132 0.672027
1000 133 0.674381
1000 134 0.674206
1000 135 0.672448
1000 136 0.679563
1000 137 0.674622
1000 138 0.674555
1000 139 0.671862
1000 140 0.682281
1000 141 0.678984
1000 142 0.678783
1000 143 0.680592
1000 144 0.678514
1000 145 0.676992
1000 146 0.676027
1000 147 0.682083
1000 148 0.679078
1000 149 0.674248
1000 150 0.680902
1000 151 0.678968
1000 152 0.67999
1000 153 0.684253
1000 154 0.684208
1000 155 0.687186
1000 156 0.685075
1000 157 0.686316
1000 158 0.683691
1000 159 0.684244
1000 160 0.689016
1000 161 0.687129
1000 162 0.687171
1000 163 0.694184
1000 164 0.691732
1000 165 0.686971
1000 166 0.687169
1000 167 0.689737
1000 168 0.694598
1000 169 0.697617
1000 170 0.687343
1000 171 0.692244
1000 172 0.69571
1000 173 0.693935
1000 174 0.693393
1000 175 0.691171
1000 176 0.697151
1000 177 0.697262
1000 178 0.699533
1000 179 0.694501
1000 180 0.695766
1000 181 0.697233
1000 182 0.698688
1000 183 0.698909
1000 184 0.700156
1000 185 0.702148
1000 186 0.704807
1000 187 0.701556
1000 188 0.705181
1000 189 0.708243
1000 190 0.707438
1000 191 0.704576
1000 192 0.739395
1000 193 0.741787
1000 194 0.740832
1000 195 0.741489
1000 196 0.73614
1000 197 0.744027
1000 198 0.738212
1000 199 0.742347
1000 200 0.743492
1000 201 0.74294
1000 202 0.746451
1000 203 0.748041
1000 204 0.749253
1000 205 0.749328
1000 206 0.7461
1000 207 0.751006
1000 208 0.745198
1000 209 0.75015
1000 210 0.753938
1000 211 0.757176
1000 212 0.749508
1000 213 0.748509
1000 214 0.755266
1000 215 0.751945
1000 216 0.754242
1000 217 0.76168
1000 218 0.755426
1000 219 0.759397
1000 220 0.755025
1000 221 0.754578
1000 222 0.755089
1000 223 0.761494
1000 224 0.758402
1000 225 0.762102
1000 226 0.766209
1000 227 0.766329
1000 228 0.767891
1000 229 0.772539
1000 230 0.761938
1000 231 0.759206
1000 232 0.76827
1000 233 0.767665
1000 234 0.771384
1000 235 0.768853
1000 236 0.773946
1000 237 0.76505
1000 238 0.781646
1000 239 0.775948
1000 240 0.77094
1000 241 0.778154
1000 242 0.776958
1000 243 0.770954
1000 244 0.775102
1000 245 0.770627
1000 246 0.781038
1000 247 0.778323
1000 248 0.778776
1000 249 0.786046
1000 250 0.774519
1000 251 0.778483
1000 252 0.785491
1000 253 0.785826
1000 254 0.788578
1000 255 0.777451
1000 256 0.827753
1000 257 0.831552
1000 258 0.828527
1000 259 0.836733
1000 260 0.835866
1000 261 0.835593
1000 262 0.834585
1000 263 0.839437
1000 264 0.838834
1000 265 0.838472
1000 266 0.840445
1000 267 0.837836
1000 268 0.846105
1000 269 0.83763
1000 270 0.849073
1000 271 0.844126
1000 272 0.845406
1000 273 0.846328
1000 274 0.835919
1000 275 0.843825
1000 276 0.850316
1000 277 0.848391
1000 278 0.852182
1000 279 0.849819
1000 280 0.851331
1000 281 0.849708
1000 282 0.851668
1000 283 0.84878
1000 284 0.848504
1000 285 0.849413
1000 286 0.856285
1000 287 0.854626
1000 288 0.853529
1000 289 0.854279
1000 290 0.851139
1000 291 0.852103
1000 292 0.852014
1000 293 0.856783
1000 294 0.854938
1000 295 0.852347
1000 296 0.854147
1000 297 0.849466
1000 298 0.852384
1000 299 0.84674
1000 300 0.852097
1000 301 0.85817
1000 302 0.8457
1000 303 0.845381
1000 304 0.847681
1000 305 0.848291
1000 306 0.844806
1000 307 0.850114
1000 308 0.845408
1000 309 0.849809
1000 310 0.850507
1000 311 0.846206
1000 312 0.84382
1000 313 0.843785
1000 314 0.842979
1000 315 0.836069
1000 316 0.843882
1000 317 0.835468
1000 318 0.844931
1000 319 0.836237
1000 320 0.829981
1000 321 0.837385
1000 322 0.82911
1000 323 0.829494
1000 324 0.829245
1000 325 0.826156
1000 326 0.822376
1000 327 0.834671
1000 328 0.81637
1000 329 0.809055
1000 330 0.812685
1000 331 0.811975
1000 332 0.813179
1000 333 0.810141
1000 334 0.805685
1000 335 0.808959
1000 336 0.807273
1000 337 0.803415
1000 338 0.804257
1000 339 0.805242
1000 340 0.799119
1000 341 0.80011
1000 342 0.802936
1000 343 0.791874
1000 344 0.797444
1000 345 0.795149
1000 346 0.78835
1000 347 0.792193
1000 348 0.794626
1000 349 0.787189
1000 350 0.788151
1000 351 0.779536
1000 352 0.776197
1000 353 0.775897
1000 354 0.770908
1000 355 0.773392
1000 356 0.77889
1000 357 0.776757
1000 358 0.768572
1000 359 0.764658
1000 360 0.770007
1000 361 0.762932
1000 362 0.766848
1000 363 0.766323
1000 364 0.762864
1000 365 0.75588
1000 366 0.760824
1000 367 0.761631
1000 368 0.753059
1000 369 0.753767
1000 370 0.759001
1000 371 0.75938
1000 372 0.751091
1000 373 0.757425
1000 374 0.749406
1000 375 0.743565
1000 376 0.745453
1000 377 0.751468
1000 378 0.748123
1000 379 0.748806
1000 380 0.7446
1000 381 0.738117
1000 382 0.743038
1000 383 0.742309
1000 384 0.718525
1000 385 0.721503
1000 386 0.721139
1000 387 0.720641
1000 388 0.714707
1000 389 0.721492
1000 390 0.717898
1000 391 0.722801
1000 392 0.716897
1000 393 0.716705
1000 394 0.71232
1000 395 0.718194
1000 396 0.713578
1000 397 0.716006
1000 398 0.715055
1000 399 0.708038
1000 400 0.70878
1000 401 0.709452
1000 402 0.709386
1000 403 0.710626
1000 404 0.708081
1000 405 0.703937
1000 406 0.700895
1000 407 0.707357
1000 408 0.70395
1000 409 0.706249
1000 410 0.700146
1000 411 0.70748
1000 412 0.700821
1000 413 0.700895
1000 414 0.701238
1000 415 0.700627
1000 416 0.690301
1000 417 0.694114
1000 418 0.69869
1000 419 0.692299
1000 420 0.690116
1000 421 0.694036
1000 422 0.689601
1000 423 0.689775
1000 424 0.687
1000 425 0.694552
1000 426 0.688819
1000 427 0.690992
1000 428 0.689775
1000 429 0.687976
1000 430 0.691081
1000 431 0.686909
1000 432 0.687042
1000 433 0.687522
1000 434 0.681438
1000 435 0.68677
1000 436 0.678164
1000 437 0.685271
1000 438 0.680407
1000 439 0.682035
1000 440 0.681847
1000 441 0.680777
1000 442 0.678739
1000 443 0.675623
1000 444 0.682109
1000 445 0.674457
1000 446 0.67773
1000 447 0.675238
1000 448 0.671783
1000 449 0.665827
1000 450 0.667224
1000 451 0.67001
1000 452 0.66874
1000 453 0.673421
1000 454 0.663875
1000 455 0.666716
1000 456 0.661354
1000 457 0.665582
1000 458 0.666885
1000 459 0.664382
1000 460 0.663188
1000 461 0.665308
1000 462 0.661116
1000 463 0.663216
1000 464 0.664273
1000 465 0.667979
1000 466 0.659078
1000 467 0.662002
1000 468 0.65995
1000 469 0.658075
1000 470 0.662281
1000 471 0.656677
1000 472 0.65959
1000 473 0.657811
1000 474 0.659159
1000 475 0.657302
1000 476 0.654739
1000 477 0.654695
1000 478 0.652237
1000 479 0.655381
1000 480 0.657791
1000 481 0.655911
1000 482 0.655077
1000 483 0.654713
1000 484 0.655371
1000 485 0.653723
1000 486 0.654414
1000 487 0.654884
1000 488 0.653577
1000 489 0.650649
1000 490 0.649584
1000 491 0.652227
1000 492 0.652828
1000 493 0.65574
1000 494 0.6536
1000 495 0.647405
1000 496 0.648472
1000 497 0.649856
1000 498 0.652274
1000 499 0.645765
1000 500 0.652513
1000 501 0.649448
1000 502 0.648828
1000 503 0.647637
1000 504 0.648377
1000 505 0.646825
1000 506 0.647667
1000 507 0.649159
1000 508 0.642994
1000 509 0.645436
1000 510 0.642137
1000 511 0.644352
1000 512 0.657018
1000 513 0.657892
1000 514 0.654394
1000 515 0.655324
1000 516 0.653411
1000 517 0.657362
1000 518 0.655368
1000 519 0.658731
1000 520 0.658355
1000 521 0.652382
1000 522 0.655502
1000 523 0.651874
1000 524 0.654041
1000 525 0.659238
1000 526 0.653926
1000 527 0.651181
1000 528 0.656483
1000 529 0.655491
1000 530 0.653136
1000 531 0.653041
1000 532 0.65304
1000 533 0.654097
1000 534 0.653993
1000 535 0.65463
1000 536 0.651156
1000 537 0.651586
1000 538 0.655757
1000 539 0.652754
1000 540 0.654969
1000 541 0.653076
1000 542 0.650488
1000 543 0.652817
1000 544 0.656788
1000 545 0.657172
1000 546 0.654279
1000 547 0.657359
1000 548 0.655819
1000 549 0.655216
1000 550 0.654044
1000 551 0.657313
1000 552 0.651751
1000 553 0.6481
1000 554 0.653402
1000 555 0.653297
1000 556 0.653377
1000 557 0.652842
1000 558 0.648929
1000 559 0.656466
1000 560 0.653633
1000 561 0.647457
1000 562 0.651014
1000 563 0.65204
1000 564 0.651498
1000 565 0.655166
1000 566 0.65108
1000 567 0.652589
1000 568 0.65104
1000 569 0.649768
1000 570 0.65051
1000 571 0.651155
1000 572 0.650332
1000 573 0.651074
1000 574 0.65148
1000 575 0.64924
1000 576 0.650623
1000 577 0.652406
1000 578 0.649872
1000 579 0.655062
1000 580 0.65172
1000 581 0.65112
1000 582 0.65121
1000 583 0.652691
1000 584 0.649538
1000 585 0.649999
1000 586 0.65062
1000 587 0.652031
1000 588 0.650409
1000 589 0.649706
1000 590 0.651828
1000 591 0.646753
1000 592 0.651098
1000 593 0.652855
1000 594 0.652936
1000 595 0.650151
1000 596 0.650229
1000 597 0.651095
1000 598 0.653967
1000 599 0.647762
1000 600 0.650651
1000 601 0.651033
1000 602 0.653004
1000 603 0.654481
1000 604 0.647142
1000 605 0.654971
1000 606 0.650381
1000 607 0.651877
1000 608 0.652107
1000 609 0.650815
1000 610 0.652297
1000 611 0.656039
1000 612 0.648481
1000 613 0.651547
1000 614 0.650202
1000 615 0.648111
1000 616 0.655206
1000 617 0.651878
1000 618 0.652871
1000 619 0.651461
1000 620 0.653304
1000 621 0.652928
1000 622 0.652151
1000 623 0.652309
1000 624 0.652646
1000 625 0.654706
1000 626 0.651204
1000 627 0.650558
1000 628 0.653602
1000 629 0.65539
1000 630 0.653873
1000 631 0.65124
1000 632 0.654908
1000 633 0.650416
1000 634 0.652827
1000 635 0.653433
1000 636 0.652814
1000 637 0.649299
1000 638 0.652614
1000 639 0.650639
1000 640 0.653164
1000 641 0.653128
1000 642 0.652499
1000 643 0.649618
1000 644 0.654562
1000 645 0.655524
1000 646 0.654179
1000 647 0.657884
1000 648 0.653853
1000 649 0.652224
1000 650 0.651894
1000 651 0.655181
1000 652 0.656847
1000 653 0.655765
1000 654 0.653776
1000 655 0.654564
1000 656 0.65762
1000 657 0.655154
1000 658 0.656497
1000 659 0.65789
1000 660 0.65362
1000 661 0.661715
1000 662 0.654919
1000 663 0.658246
1000 664 0.65763
1000 665 0.655011
1000 666 0.65877
1000 667 0.657785
1000 668 0.659335
1000 669 0.657771
1000 670 0.660842
1000 671 0.656355
1000 672 0.657997
1000 673 0.654741
1000 674 0.657226
1000 675 0.661385
1000 676 0.658076
1000 677 0.660819
1000 678 0.657935
1000 679 0.661449
1000 680 0.659566
1000 681 0.659398
1000 682 0.65702
1000 683 0.662211
1000 684 0.662404
1000 685 0.663096
1000 686 0.659042
1000 687 0.658165
1000 688 0.658103
1000 689 0.662378
1000 690 0.662274
1000 691 0.663404
1000 692 0.66203
1000 693 0.660697
1000 694 0.668867
1000 695 0.661805
1000 696 0.664468
1000 697 0.659524
1000 698 0.660151
1000 699 0.66179
1000 700 0.662318
1000 701 0.663021
1000 702 0.661328
1000 703 0.660937
1000 704 0.661426
1000 705 0.66301
1000 706 0.663324
1000 707 0.666623
1000 708 0.662237
1000 709 0.662984
1000 710 0.668069
1000 711 0.665309
1000 712 0.665327
1000 713 0.664893
1000 714 0.661368
1000 715 0.66626
1000 716 0.663593
1000 717 0.671563
1000 718 0.661571
1000 719 0.668741
1000 720 0.663548
1000 721 0.666047
1000 722 0.667763
1000 723 0.662384
1000 724 0.668417
1000 725 0.66495
1000 726 0.668332
1000 727 0.670214
1000 728 0.670959
1000 729 0.668157
1000 730 0.666046
1000 731 0.663791
1000 732 0.668617
1000 733 0.675628
1000 734 0.670658
1000 735 0.669317
1000 736 0.668163
1000 737 0.668845
1000 738 0.668355
1000 739 0.6686
1000 740 0.667884
1000 741 0.67046
1000 742 0.670104
1000 743 0.672916
1000 744 0.671865
1000 745 0.668955
1000 746 0.668262
1000 747 0.669736
1000 748 0.675039
1000 749 0.673518
1000 750 0.677728
1000 751 0.671353
1000 752 0.673174
1000 753 0.671193
1000 754 0.675322
1000 755 0.671493
1000 756 0.671953
1000 757 0.673557
1000 758 0.670349
1000 759 0.671991
1000 760 0.678314
1000 761 0.674783
1000 762 0.671468
1000 763 0.673337
1000 764 0.672972
1000 765 0.679907
1000 766 0.677164
1000 767 0.679476
1000 768 0.690178
1000 769 0.687441
1000 770 0.689992
1000 771 0.685033
1000 772 0.694109
1000 773 0.693169
1000 774 0.687474
1000 775 0.691252
1000 776 0.689996
1000 777 0.690965
1000 778 0.690503
1000 779 0.692945
1000 780 0.69384
1000 781 0.689095
1000 782 0.695929
1000 783 0.696254
1000 784 0.695108
1000 785 0.697726
1000 786 0.693411
1000 787 0.693903
1000 788 0.693768
1000 789 0.69635
1000 790 0.699625
1000 791 0.698878
1000 792 0.69451
1000 793 0.694873
1000 794 0.694087
1000 795 0.700176
1000 796 0.694631
1000 797 0.699007
1000 798 0.69664
1000 799 0.693942
1000 800 0.69948
1000 801 0.696757
1000 802 0.6971
1000 803 0.703331
1000 804 0.698676
1000 805 0.703245
1000 806 0.705771
1000 807 0.698807
1000 808 0.702127
1000 809 0.7009
1000 810 0.702421
1000 811 0.704096
1000 812 0.700212
1000 813 0.701384
1000 814 0.699403
1000 815 0.703338
1000 816 0.706537
1000 817 0.706231
1000 818 0.709064
1000 819 0.711309
1000 820 0.706512
1000 821 0.706356
1000 822 0.707823
1000 823 0.705152
1000 824 0.707038
1000 825 0.707065
1000 826 0.711658
1000 827 0.702546
1000 828 0.70754
1000 829 0.706404
1000 830 0.711783
1000 831 0.714519
1000 832 0.713521
1000 833 0.711707
1000 834 0.71309
1000 835 0.711943
1000 836 0.710209
1000 837 0.716097
1000 838 0.711987
1000 839 0.711548
1000 840 0.712185
1000 841 0.713641
1000 842 0.710431
1000 843 0.720353
1000 844 0.716793
1000 845 0.713672
1000 846 0.719812
1000 847 0.715377
1000 848 0.718821
1000 849 0.717245
1000 850 0.717701
1000 851 0.718731
1000 852 0.715791
1000 853 0.722404
1000 854 0.726537
1000 855 0.720779
1000 856 0.723746
1000 857 0.720522
1000 858 0.718122
1000 859 0.724256
1000 860 0.720996
1000 861 0.727431
1000 862 0.720652
1000 863 0.723748
1000 864 0.726003
1000 865 0.725435
1000 866 0.725359
1000 867 0.728485
1000 868 0.718584
1000 869 0.727128
1000 870 0.724154
1000 871 0.725291
1000 872 0.725027
1000 873 0.728868
1000 874 0.725233
1000 875 0.731847
1000 876 0.727221
1000 877 0.729674
1000 878 0.727402
1000 879 0.729579
1000 880 0.724845
1000 881 0.727024
1000 882 0.732848
1000 883 0.733227
1000 884 0.733375
1000 885 0.73131
1000 886 0.727093
1000 887 0.734726
1000 888 0.734394
1000 889 0.729243
1000 890 0.73284
1000 891 0.734359
1000 892 0.739878
1000 893 0.737568
1000 894 0.733852
1000 895 0.738066
1000 896 0.73528
1000 897 0.734461
1000 898 0.736437
1000 899 0.740175
1000 900 0.737371
1000 901 0.738685
1000 902 0.7426
1000 903 0.739325
1000 904 0.740696
1000 905 0.742054
1000 906 0.744276
1000 907 0.741281
1000 908 0.738085
1000 909 0.743011
1000 910 0.741525
1000 911 0.74955
1000 912 0.746377
1000 913 0.739672
1000 914 0.741431
1000 915 0.745263
1000 916 0.746611
1000 917 0.750833
1000 918 0.750011
1000 919 0.749921
1000 920 0.752805
1000 921 0.746849
1000 922 0.751664
1000 923 0.748197
1000 924 0.751734
1000 925 0.746096
1000 926 0.752142
1000 927 0.753474
1000 928 0.752104
1000 929 0.749854
1000 930 0.756761
1000 931 0.751702
1000 932 0.757283
1000 933 0.750815
1000 934 0.747746
1000 935 0.758619
1000 936 0.751124
1000 937 0.758668
1000 938 0.757402
1000 939 0.755972
1000 940 0.757282
1000 941 0.757121
1000 942 0.760371
1000 943 0.757667
1000 944 0.760019
1000 945 0.758225
1000 946 0.766083
1000 947 0.760741
1000 948 0.761705
1000 949 0.761027
1000 950 0.75009
1000 951 0.760548
1000 952 0.757747
1000 953 0.76827
1000 954 0.759393
1000 955 0.760839
1000 956 0.766332
1000 957 0.761704
1000 958 0.764629
1000 959 0.76443
1000 960 0.769332
1000 961 0.765269
1000 962 0.767364
1000 963 0.765071
1000 964 0.769783
1000 965 0.764453
1000 966 0.76302
1000 967 0.762047
1000 968 0.77038
1000 969 0.780394
1000 970 0.769616
1000 971 0.77256
1000 972 0.778218
1000 973 0.770001
1000 974 0.771681
1000 975 0.771575
1000 976 0.776074
1000 977 0.775708
1000 978 0.773162
1000 979 0.770951
1000 980 0.772904
1000 981 0.776835
1000 982 0.780904
1000 983 0.774042
1000 984 0.772579
1000 985 0.783365
1000 986 0.778239
1000 987 0.775891
1000 988 0.785936
1000 989 0.774384
1000 990 0.779883
1000 991 0.777309
1000 992 0.779741
1000 993 0.78189
1000 994 0.776091
1000 995 0.781237
1000 996 0.776722
1000 997 0.781709
1000 998 0.779437
1000 999 0.777041
1000 1000 0.780967
