n k comp ratio
100 1 0.590131
100 2 0.625315
100 3 0.593395
100 4 0.66531
100 5 0.634209
100 6 0.612421
100 7 0.594538
100 8 0.632029
100 9 0.621017
100 10 0.620385
100 11 0.615507
100 12 0.641536
100 13 0.637617
100 14 0.643732
100 15 0.649035
100 16 0.700571
100 17 0.707065
100 18 0.710493
100 19 0.720651
100 20 0.724864
100 21 0.733502
100 22 0.74014
100 23 0.741579
100 24 0.752295
100 25 0.760815
100 26 0.757392
100 27 0.757504
100 28 0.757494
100 29 0.751363
100 30 0.747998
100 31 0.739958
100 32 0.755587
100 33 0.747828
100 34 0.743191
100 35 0.738167
100 36 0.72502
100 37 0.717579
100 38 0.712814
100 39 0.70415
100 40 0.691656
100 41 0.684529
100 42 0.680653
100 43 0.677078
100 44 0.669688
100 45 0.664001
100 46 0.656125
100 47 0.654518
100 48 0.650493
100 49 0.6451
100 50 0.643177
100 51 0.63748
100 52 0.638102
100 53 0.636183
100 54 0.637305
100 55 0.633974
100 56 0.637123
100 57 0.634463
100 58 0.634083
100 59 0.633376
100 60 0.632042
100 61 0.634152
100 62 0.63492
100 63 0.631045
100 64 0.65875
100 65 0.660683
100 66 0.664045
100 67 0.665741
100 68 0.667767
100 69 0.667404
100 70 0.66981
100 71 0.674034
100 72 0.676309
100 73 0.679785
100 74 0.681304
100 75 0.680135
100 76 0.684272
100 77 0.685913
100 78 0.692332
100 79 0.696891
100 80 0.702952
100 81 0.703536
100 82 0.713293
100 83 0.711457
100 84 0.714182
100 85 0.717511
100 86 0.720168
100 87 0.728078
100 88 0.732519
100 89 0.735077
100 90 0.736016
100 91 0.739464
100 92 0.744457
100 93 0.74867
100 94 0.751238
100 95 0.756936
100 96 0.772676
100 97 0.770607
100 98 0.77891
100 99 0.778298
100 100 0.778118
