n 	 k 	 best_comp_ratio  best_sample_factor 
100 	 1 	 0.3755		0.34
100 	 2 	 0.43305		0.38
100 	 3 	 0.465967		0.37
100 	 4 	 0.485275		0.4
100 	 5 	 0.49994		0.4
100 	 6 	 0.510067		0.37
100 	 7 	 0.518157		0.36
100 	 8 	 0.525813		0.37
100 	 9 	 0.532633		0.37
100 	 10 	 0.53984		0.39
100 	 11 	 0.543336		0.39
100 	 12 	 0.549117		0.39
100 	 13 	 0.551638		0.38
100 	 14 	 0.55695		0.38
100 	 15 	 0.55932		0.38
100 	 16 	 0.561113		0.39
100 	 17 	 0.564065		0.38
100 	 18 	 0.565944		0.39
100 	 19 	 0.570832		0.39
100 	 20 	 0.57165		0.39
100 	 21 	 0.573843		0.38
100 	 22 	 0.57585		0.37
100 	 23 	 0.576852		0.37
100 	 24 	 0.579058		0.37
100 	 25 	 0.580952		0.38
100 	 26 	 0.583454		0.37
100 	 27 	 0.585493		0.37
100 	 28 	 0.58595		0.37
100 	 29 	 0.588517		0.38
100 	 30 	 0.588987		0.38
100 	 31 	 0.591519		0.38
100 	 32 	 0.592459		0.37
100 	 33 	 0.59443		0.37
100 	 34 	 0.594659		0.37
100 	 35 	 0.595686		0.37
100 	 36 	 0.597808		0.37
100 	 37 	 0.598511		0.38
100 	 38 	 0.600334		0.37
100 	 39 	 0.601279		0.37
100 	 40 	 0.60285		0.37
100 	 41 	 0.605354		0.37
100 	 42 	 0.607193		0.37
100 	 43 	 0.608926		0.36
100 	 44 	 0.612216		0.36
100 	 45 	 0.61376		0.36
100 	 46 	 0.618367		0.36
100 	 47 	 0.620911		0.36
100 	 48 	 0.624335		0.35
100 	 49 	 0.627943		0.35
100 	 50 	 0.631274		0.34
100 	 51 	 0.636831		0.34
100 	 52 	 0.639479		0.33
100 	 53 	 0.644023		0.33
100 	 54 	 0.648635		0.33
100 	 55 	 0.652745		0.32
100 	 56 	 0.658136		0.31
100 	 57 	 0.663425		0.31
100 	 58 	 0.669052		0.31
100 	 59 	 0.67481		0.3
100 	 60 	 0.678773		0.3
100 	 61 	 0.685315		0.29
100 	 62 	 0.691552		0.29
100 	 63 	 0.696824		0.28
100 	 64 	 0.702659		0.28
100 	 65 	 0.708805		0.27
100 	 66 	 0.715076		0.27
100 	 67 	 0.721319		0.26
100 	 68 	 0.728132		0.25
100 	 69 	 0.734916		0.25
100 	 70 	 0.741609		0.24
100 	 71 	 0.74889		0.23
100 	 72 	 0.7557		0.23
100 	 73 	 0.763129		0.22
100 	 74 	 0.770943		0.21
100 	 75 	 0.77822		0.2
100 	 76 	 0.78602		0.19
100 	 77 	 0.79364		0.19
100 	 78 	 0.801372		0.18
100 	 79 	 0.809161		0.17
100 	 80 	 0.817586		0.16
100 	 81 	 0.825665		0.16
100 	 82 	 0.833778		0.15
100 	 83 	 0.84243		0.14
100 	 84 	 0.850807		0.13
100 	 85 	 0.859347		0.13
100 	 86 	 0.868208		0.12
100 	 87 	 0.877167		0.11
100 	 88 	 0.885969		0.1
100 	 89 	 0.894855		0.09
100 	 90 	 0.903986		0.08
100 	 91 	 0.913212		0.07
100 	 92 	 0.922602		0.07
100 	 93 	 0.931998		0.06
100 	 94 	 0.941588		0.05
100 	 95 	 0.951003		0.04
100 	 96 	 0.960628		0.03
100 	 97 	 0.97037		0.02
100 	 98 	 0.980096		0.01
