n k best_comp_ratio best_sample_factor
120 1 0.375903 0.341667
120 2 0.430451 0.383333
120 3 0.462616 0.35
120 4 0.484479 0.366667
120 5 0.499681 0.383333
120 6 0.511991 0.383333
120 7 0.51756 0.4
120 8 0.525069 0.391667
120 9 0.530486 0.375
120 10 0.536507 0.383333
120 11 0.541723 0.375
120 12 0.547708 0.391667
120 13 0.549354 0.383333
120 14 0.552436 0.391667
120 15 0.556519 0.391667
120 16 0.55888 0.383333
120 17 0.560127 0.391667
120 18 0.564522 0.383333
120 19 0.566228 0.375
120 20 0.570198 0.375
120 21 0.57167 0.383333
120 22 0.573245 0.375
120 23 0.574067 0.375
120 24 0.576927 0.383333
120 25 0.577583 0.383333
120 26 0.579583 0.383333
120 27 0.580175 0.375
120 28 0.58345 0.375
120 29 0.58489 0.383333
120 30 0.585269 0.383333
120 31 0.586915 0.383333
120 32 0.588333 0.375
120 33 0.589644 0.375
120 34 0.59018 0.375
120 35 0.592075 0.375
120 36 0.592461 0.375
120 37 0.593883 0.375
120 38 0.594545 0.375
120 39 0.596733 0.375
120 40 0.596488 0.383333
120 41 0.598393 0.375
120 42 0.599453 0.375
120 43 0.599848 0.375
120 44 0.601173 0.375
120 45 0.601677 0.375
120 46 0.602669 0.375
120 47 0.603911 0.375
120 48 0.605052 0.375
120 49 0.607197 0.375
120 50 0.608824 0.366667
120 51 0.610995 0.366667
120 52 0.612361 0.366667
120 53 0.614798 0.358333
120 54 0.616493 0.358333
120 55 0.619301 0.358333
120 56 0.621768 0.358333
120 57 0.624468 0.35
120 58 0.627725 0.35
120 59 0.630227 0.341667
120 60 0.632882 0.341667
120 61 0.636075 0.341667
120 62 0.640065 0.341667
120 63 0.643052 0.333333
120 64 0.64735 0.333333
120 65 0.650627 0.333333
120 66 0.654479 0.325
120 67 0.658715 0.325
120 68 0.662452 0.316667
120 69 0.667084 0.316667
120 70 0.671885 0.308333
120 71 0.675751 0.3
120 72 0.680353 0.3
120 73 0.68482 0.291667
120 74 0.689616 0.291667
120 75 0.69469 0.283333
120 76 0.699521 0.283333
120 77 0.704599 0.275
120 78 0.709894 0.275
120 79 0.715228 0.266667
120 80 0.72015 0.258333
120 81 0.725627 0.258333
120 82 0.730979 0.25
120 83 0.736709 0.241667
120 84 0.742827 0.241667
120 85 0.748531 0.233333
120 86 0.754145 0.225
120 87 0.760118 0.216667
120 88 0.766282 0.216667
120 89 0.772392 0.208333
120 90 0.778816 0.208333
120 91 0.784923 0.2
120 92 0.791468 0.191667
120 93 0.7978 0.183333
120 94 0.804263 0.183333
120 95 0.811088 0.175
120 96 0.817949 0.166667
120 97 0.824949 0.158333
120 98 0.831328 0.15
120 99 0.838448 0.15
120 100 0.845592 0.141667
120 101 0.8526 0.133333
120 102 0.859817 0.125
120 103 0.866862 0.125
120 104 0.874129 0.108333
120 105 0.881896 0.108333
120 106 0.889201 0.1
120 107 0.896536 0.0916667
120 108 0.904084 0.0833333
120 109 0.911772 0.075
120 110 0.919463 0.0666667
120 111 0.927238 0.0666667
120 112 0.935203 0.0583333
120 113 0.943026 0.05
120 114 0.95104 0.0416667
120 115 0.9589 0.0333333
120 116 0.967052 0.025
120 117 0.975221 0.0166667
120 118 0.983426 0.00833333
120 119 0.99167 0.00833333
