n 	 k 	 best_comp_ratio  best_sample_factor 
32 	 1 	 0.387695		0.375
32 	 2 	 0.450684		0.375
32 	 3 	 0.485677		0.34375
32 	 4 	 0.500732		0.34375
32 	 5 	 0.517383		0.34375
32 	 6 	 0.528483		0.34375
32 	 7 	 0.537249		0.375
32 	 8 	 0.553955		0.40625
32 	 9 	 0.563694		0.375
32 	 10 	 0.570508		0.375
32 	 11 	 0.574219		0.375
32 	 12 	 0.582438		0.375
32 	 13 	 0.58744		0.375
32 	 14 	 0.593192		0.375
32 	 15 	 0.607552		0.34375
32 	 16 	 0.619263		0.3125
32 	 17 	 0.632353		0.3125
32 	 18 	 0.650662		0.3125
32 	 19 	 0.670384		0.28125
32 	 20 	 0.6875		0.28125
32 	 21 	 0.706473		0.25
32 	 22 	 0.725675		0.25
32 	 23 	 0.751274		0.21875
32 	 24 	 0.775106		0.1875
n 	 k 	 best_comp_ratio  best_sample_factor 
32 	 1 	 0.401367		0.40625
32 	 2 	 0.461914		0.40625
32 	 3 	 0.475911		0.375
32 	 4 	 0.503418		0.40625
32 	 5 	 0.52793		0.375
32 	 6 	 0.524251		0.40625
32 	 7 	 0.539202		0.34375
32 	 8 	 0.55603		0.375
32 	 9 	 0.55957		0.375
32 	 10 	 0.564355		0.375
32 	 11 	 0.577592		0.375
32 	 12 	 0.580729		0.375
32 	 13 	 0.586463		0.375
32 	 14 	 0.595354		0.34375
32 	 15 	 0.602344		0.375
32 	 16 	 0.61853		0.34375
32 	 17 	 0.635168		0.3125
32 	 18 	 0.650445		0.28125
32 	 19 	 0.666478		0.3125
32 	 20 	 0.68833		0.28125
32 	 21 	 0.709449		0.25
32 	 22 	 0.72714		0.21875
32 	 23 	 0.749745		0.21875
32 	 24 	 0.774821		0.1875
32 	 25 	 0.79957		0.15625
32 	 26 	 0.825045		0.15625
32 	 27 	 0.854058		0.125
32 	 28 	 0.880755		0.09375
32 	 29 	 0.90955		0.0625
