n k comp ratio samplefactor
100 1 0.774041 0.16
100 2 0.805476 0.21
100 3 0.816766 0.23
100 4 0.808148 0.18
100 5 0.804332 0.33
100 6 0.819976 0.27
100 7 0.811203 0.26
100 8 0.82126 0.27
100 9 0.830351 0.35
100 10 0.82077 0.3
100 11 0.823907 0.28
100 12 0.815082 0.37
100 13 0.820459 0.35
100 14 0.803465 0.33
100 15 0.80876 0.34
100 16 0.815391 0.33
100 17 0.815279 0.34
100 18 0.808853 0.35
100 19 0.799271 0.32
100 20 0.802746 0.33
100 21 0.792576 0.35
100 22 0.797923 0.34
100 23 0.790312 0.3
100 24 0.793817 0.33
100 25 0.790042 0.33
100 26 0.79305 0.33
100 27 0.783731 0.34
100 28 0.778842 0.36
100 29 0.778393 0.34
100 30 0.772128 0.35
100 31 0.775677 0.36
100 32 0.775995 0.36
100 33 0.766206 0.35
100 34 0.756557 0.35
100 35 0.762131 0.36
100 36 0.760799 0.36
100 37 0.758496 0.34
100 38 0.756541 0.38
100 39 0.760471 0.37
100 40 0.752349 0.35
100 41 0.752196 0.34
100 42 0.748289 0.37
100 43 0.741965 0.33
100 44 0.747183 0.35
100 45 0.757924 0.35
100 46 0.74317 0.34
100 47 0.744912 0.33
100 48 0.746248 0.33
100 49 0.745943 0.33
100 50 0.748269 0.32
100 51 0.745307 0.32
100 52 0.750758 0.32
100 53 0.743182 0.33
100 54 0.751341 0.33
100 55 0.754225 0.31
100 56 0.749875 0.31
100 57 0.755033 0.32
100 58 0.756368 0.3
100 59 0.757869 0.27
100 60 0.763857 0.29
100 61 0.764326 0.26
100 62 0.766708 0.29
100 63 0.767749 0.29
100 64 0.772703 0.26
100 65 0.777467 0.26
100 66 0.782754 0.25
100 67 0.784666 0.23
100 68 0.790209 0.25
100 69 0.790632 0.24
100 70 0.796586 0.24
100 71 0.798951 0.24
100 72 0.80543 0.21
100 73 0.80906 0.22
100 74 0.812424 0.18
100 75 0.81782 0.19
100 76 0.825635 0.19
100 77 0.830776 0.18
100 78 0.833155 0.19
100 79 0.842349 0.16
100 80 0.846122 0.18
100 81 0.849283 0.15
100 82 0.857972 0.15
100 83 0.863188 0.11
100 84 0.870927 0.14
100 85 0.879821 0.14
100 86 0.882394 0.08
100 87 0.8933 0.1
100 88 0.897478 0.09
100 89 0.910242 0.1
100 90 0.914193 0.09
100 91 0.923491 0.06
100 92 0.929306 0.05
100 93 0.93774 0.06
100 94 0.944396 0.06
100 95 0.954404 0.04
100 96 0.963213 0.04
100 97 0.971621 0.03
100 98 0.981676 0.01
100 99 0.990465 0.01
100 100 0.98884 0.01
