n k comp ratio samplefactor
150 1 0.369997 0.366667
150 2 0.430422 0.38
150 3 0.46136 0.386667
150 4 0.481283 0.386667
150 5 0.495602 0.386667
150 6 0.506597 0.386667
150 7 0.515421 0.386667
150 8 0.522728 0.386667
150 9 0.528923 0.386667
150 10 0.534274 0.386667
150 11 0.538965 0.386667
150 12 0.543127 0.386667
150 13 0.546857 0.386667
150 14 0.550229 0.386667
150 15 0.5533 0.386667
150 16 0.556115 0.386667
150 17 0.558723 0.38
150 18 0.561157 0.38
150 19 0.563426 0.38
150 20 0.565549 0.38
150 21 0.567543 0.38
150 22 0.569421 0.38
150 23 0.571195 0.38
150 24 0.572877 0.38
150 25 0.574475 0.38
150 26 0.575996 0.38
150 27 0.577447 0.38
150 28 0.578836 0.38
150 29 0.580165 0.38
150 30 0.581442 0.38
150 31 0.582669 0.38
150 32 0.58385 0.38
150 33 0.584989 0.38
150 34 0.586089 0.38
150 35 0.587153 0.38
150 36 0.588182 0.38
150 37 0.58918 0.38
150 38 0.590149 0.38
150 39 0.591089 0.38
150 40 0.592004 0.38
150 41 0.592894 0.38
150 42 0.593775 0.373333
150 43 0.594656 0.373333
150 44 0.595517 0.373333
150 45 0.59636 0.373333
150 46 0.597186 0.373333
150 47 0.597997 0.373333
150 48 0.598792 0.373333
150 49 0.599574 0.373333
150 50 0.600343 0.373333
150 51 0.6011 0.373333
150 52 0.601845 0.373333
150 53 0.60258 0.373333
150 54 0.603305 0.373333
150 55 0.604021 0.373333
150 56 0.604729 0.373333
150 57 0.605429 0.373333
150 58 0.606224 0.373333
150 59 0.607104 0.373333
150 60 0.608059 0.373333
150 61 0.609163 0.366667
150 62 0.610485 0.366667
150 63 0.611865 0.366667
150 64 0.613288 0.366667
150 65 0.614744 0.366667
150 66 0.616379 0.36
150 67 0.618198 0.36
150 68 0.620021 0.36
150 69 0.621834 0.36
150 70 0.623912 0.353333
150 71 0.626067 0.353333
150 72 0.628179 0.353333
150 73 0.630467 0.346667
150 74 0.6329 0.346667
150 75 0.635256 0.346667
150 76 0.637843 0.34
150 77 0.640489 0.34
150 78 0.643052 0.333333
150 79 0.645973 0.333333
150 80 0.648758 0.333333
150 81 0.651736 0.326667
150 82 0.654756 0.326667
150 83 0.657797 0.32
150 84 0.661028 0.32
150 85 0.664167 0.313333
150 86 0.667585 0.313333
150 87 0.670849 0.306667
150 88 0.674425 0.306667
150 89 0.677838 0.3
150 90 0.681544 0.3
150 91 0.685125 0.293333
150 92 0.68893 0.293333
150 93 0.692694 0.286667
150 94 0.696567 0.286667
150 95 0.700528 0.28
150 96 0.704432 0.28
150 97 0.708602 0.273333
150 98 0.712628 0.266667
150 99 0.716888 0.266667
150 100 0.721141 0.26
150 101 0.725352 0.26
150 102 0.72984 0.253333
150 103 0.734221 0.246667
150 104 0.738686 0.246667
150 105 0.743312 0.24
150 106 0.747854 0.233333
150 107 0.75251 0.233333
150 108 0.757303 0.226667
150 109 0.76203 0.22
150 110 0.766813 0.22
150 111 0.771795 0.213333
150 112 0.776723 0.206667
150 113 0.781616 0.2
150 114 0.78675 0.2
150 115 0.791891 0.193333
150 116 0.797003 0.186667
150 117 0.802114 0.186667
150 118 0.807481 0.18
150 119 0.812819 0.173333
150 120 0.818143 0.166667
150 121 0.823466 0.16
150 122 0.82899 0.16
150 123 0.834548 0.153333
150 124 0.840098 0.146667
150 125 0.845655 0.14
150 126 0.851227 0.133333
150 127 0.857007 0.133333
150 128 0.862795 0.126667
150 129 0.868588 0.12
150 130 0.874397 0.113333
150 131 0.880228 0.106667
150 132 0.886117 0.106667
150 133 0.892158 0.1
150 134 0.898207 0.0933333
150 135 0.904271 0.0866667
150 136 0.910359 0.08
150 137 0.916476 0.0733333
150 138 0.922627 0.0666667
150 139 0.928818 0.06
150 140 0.935132 0.06
150 141 0.941476 0.0533333
150 142 0.947841 0.0466667
150 143 0.954231 0.04
150 144 0.960652 0.0333333
150 145 0.967107 0.0266667
150 146 0.9736 0.02
150 147 0.980134 0.0133333
150 148 0.986711 0.00666667
150 149 0.993333 0
150 150 1 0
